---
build/images/awuervo-238e54b5.gif: 2015-08-04 14:52:23.000000000 -04:00
build/images/book-coop-screenshot-b1566a54.png: 2015-08-04 14:55:27.000000000 -04:00
build/images/csrc-end-of-year-celebration-2015-8fbd65c0.png: 2015-08-04 14:53:57.000000000
  -04:00
build/images/environmental-dashboard-screenshot-6ff289b6.png: 2015-08-04 14:55:40.000000000
  -04:00
build/images/favicon-1846b7e2.png: 2015-08-04 14:52:24.000000000 -04:00
build/images/ocs-screenshot-87b27e48.png: 2015-08-04 14:53:27.000000000 -04:00
